lambda2: 100.000000 lp: 0.100000 beta: 1 1 1  
beta: 1 1 0.933333  0.892533 0.933333 0.848018 0.885057  0.866142 0.844039 
 lambda2: 100.000000 lp: 0.100000 beta: 1 1 1  
beta: 1 1 0.933333  0.892533 0.933333 0.848018 0.885057  0.866142 0.844039 
 